,ZIP CODE,BOROUGH,PPSQ17,PPSQ18,PPSQ19,PPSQ20,PPSQ21,Avg_171819,Change_17-18,Change_18-19,Change_19-20,Change_20-21
0,10001.0,1,1577.3640244770172,1469.9331848552338,824.9189811714921,,199.63996082941438,1290.7387301679144,107.43083962178343,645.0142036837417,,
1,10002.0,1,705.1802972440712,908.8254207989428,596.9434993735034,643.478396843042,606.8790380851497,736.9830724721725,-203.6451235548716,311.8819214254394,-46.53489746953858,36.59935875789233
2,10003.0,1,324.67635843775736,795.7717676724296,595.3592173141111,1017.4472605328707,1125.6849347768089,571.9357811414326,-471.0954092346723,200.41255035831853,-422.0880432187596,-108.23767424393816
3,10007.0,1,686.8131868131868,,,,,,,,,
4,10009.0,1,963.901341095748,561.5951995284759,318.05933612064536,9.519818887349537,723.535156753394,614.518625581623,402.3061415672721,243.5358634078305,308.53951723329584,-714.0153378660444
5,10010.0,1,716.7490711918867,1402.499325721478,1201.2987012987012,1636.4247311827958,1235.2941176470588,1106.8490327373554,-685.7502545295913,201.20062442277685,-435.1260298840946,401.130613535737
6,10011.0,1,1275.5905153630324,1191.0740521327014,1067.3226519515304,1431.6237165390785,294.49008597695996,1177.9957398157546,84.51646323033106,123.751400181171,-364.3010645875481,1137.1336305621185
7,10012.0,1,1771.46397481015,1454.5924508240298,1182.9267522564119,1260.4025965020417,1087.6827698825803,1469.6610592968639,316.8715239861201,271.66569856761794,-77.47584424562979,172.7198266194614
8,10013.0,1,1929.324520617446,1149.0411580090454,796.2123212232465,447.6181988324941,679.2311340708362,1291.5259999499126,780.2833626084007,352.8288367857989,348.5941223907524,-231.61293523834212
9,10014.0,1,613.3509236876382,1341.713417779374,145.3094365039193,144.6617756446627,134.74306745408154,700.1245926569771,-728.3624940917357,1196.4039812754545,0.6476608592566038,9.918708190581157
10,10016.0,1,713.8123559456218,274.18387140174667,1008.3904097864911,651.9365133226687,882.6357807684565,665.4622123779532,439.6284845438751,-734.2065383847444,356.4538964638224,-230.69926744578777
11,10017.0,1,283.8414087189324,1141.6861826697893,,,1198.798739661284,,-857.844773950857,,,
12,10018.0,1,626.9430051813472,857.5768549814904,746.6898198393749,0.001021972406745018,417.75456919060053,743.7365600007375,-230.63384980014325,110.88703514211556,746.6887978669681,-417.7535472181938
13,10019.0,1,1307.5269871930302,985.7223324272035,1339.9974823766365,85.16787342451059,184.78720343870285,1211.08226733229,321.80465476582674,-354.27514994943306,1254.829608952126,-99.61933001419226
14,10021.0,1,429.987154242058,1899.0039218799618,858.6050014793173,1043.2076492332467,1859.7081551685073,1062.5320258671125,-1469.0167676379037,1040.3989204006446,-184.60264775392943,-816.5005059352607
15,10022.0,1,2119.1309478851963,1217.7226432252198,1544.9927981199303,563.3042966892721,642.7784598534104,1627.2821297434486,901.4083046599765,-327.27015489471046,981.6885014306582,-79.4741631641383
16,10023.0,1,284.8494092993592,1159.424833708335,756.0118391951082,825.6638440071386,1481.9092407349021,733.4286940676008,-874.5754244089758,403.41299451322675,-69.65200481203033,-656.2453967277636
17,10024.0,1,91.95397482338176,768.4430138651229,144.7337031040445,410.6354749246773,1004.465108820085,335.0435639308497,-676.4890390417412,623.7093107610784,-265.9017718206328,-593.8296338954077
18,10025.0,1,328.7410236282524,640.6529332629898,216.37302647193783,629.3476392961629,521.252020004211,395.25566112106003,-311.9119096347374,424.279906791052,-412.9746128242251,108.09561929195195
19,10026.0,1,501.9046364296667,399.068519814311,272.8629153605016,272.4595014437662,433.1992436105925,391.2786905348264,102.8361166153557,126.20560445380943,0.4034139167353601,-160.73974216682626
20,10027.0,1,379.9879886450662,519.2503130381319,922.9968819151077,370.70409857682876,449.0497889104486,607.411727866102,-139.26232439306574,-403.74656887697574,552.2927833382789,-78.34569033361987
21,10028.0,1,1075.6437753251057,1195.8210031538088,1402.600732812874,671.3173009523875,1113.097231103102,1224.6885037639295,-120.17722782870305,-206.7797296590652,731.2834318604864,-441.77993015071456
22,10029.0,1,252.56713951821192,432.2502675583665,627.8298808296314,311.597696192664,293.044044285578,437.5490959687366,-179.68312804015457,-195.57961327126492,316.2321846369674,18.553651907085964
23,10030.0,1,588.0514942685589,980.1321832989893,587.5141182950165,393.10308657093503,726.6106961868181,718.5659319541883,-392.08068903043034,392.6180650039728,194.41103172408145,-333.5076096158831
24,10031.0,1,371.83521996021994,368.60173343349766,335.36667959873637,294.51560937525954,425.68406191369604,358.60121099748466,3.233486526722288,33.23505383476129,40.851070223476825,-131.1684525384365
25,10032.0,1,413.77848926590895,271.93331920757004,177.78795741427234,17.743333838444535,236.9525264411616,287.8332552959171,141.8451700583389,94.1453617932977,160.0446235758278,-219.20919260271708
26,10033.0,1,452.1290096049616,382.7040485691872,322.94369550138725,76.63809332500541,237.10800211689033,385.92558455851207,69.4249610357744,59.76035306779994,246.30560217638185,-160.4699087918849
27,10034.0,1,285.14660393219873,294.56288736062567,171.09593785562316,269.3156732891832,228.14266266202637,250.26847638281583,-9.416283428426937,123.4669495050025,-98.21973543356006,41.173010627156856
28,10035.0,1,521.1814805452389,532.2961961293948,129.95555170860644,79.89339200766833,34.046984986664825,394.47774279441336,-11.114715584155988,402.3406444207884,50.06215970093811,45.8464070210035
29,10036.0,1,1087.472440460317,624.6414025272334,749.7030878859857,544.2476474061789,463.5614482083428,820.605643624512,462.83103793308373,-125.06168535875236,205.45544047980684,80.68619919783606
30,10037.0,1,966.3341645885287,203.71806904580015,658.9710249010877,521.971905645375,440.40852367688024,609.6744195118055,762.6160955427285,-455.2529558552876,136.99911925571269,81.56338196849481
31,10038.0,1,8.703510757741023,1603.766863725936,940.5708531546235,1317.1511901401825,696.5282856046151,851.0137425461002,-1595.063352968195,663.1960105713125,-376.58033698555903,620.6229045355674
32,10039.0,1,716.343845045622,691.7567306940499,766.42790491002,442.44747693858324,10.420739813873466,724.8428268832307,24.58711435157204,-74.67117421597004,323.9804279714367,432.02673712470977
33,10040.0,1,267.13842098689395,270.7228505806899,115.80014079616426,191.46341463414635,198.56649524235422,217.88713745458267,-3.58442959379596,154.92270978452564,-75.66327383798209,-7.1030806082078755
34,10065.0,1,689.397977303861,1671.8309682724855,1741.8559161342105,523.6946286065945,857.7800810892925,1367.6949539035188,-982.4329909686245,-70.02494786172497,1218.161287527616,-334.085452482698
35,10075.0,1,411.9530627170125,1129.715650675666,2178.945624440836,1443.6810005404154,1168.7878530334729,1240.2047792778383,-717.7625879586535,-1049.2299737651701,735.2646239004207,274.89314750694257
36,10128.0,1,1204.4017017972403,997.932787505284,1135.3834311198266,916.2719641479797,916.2684163429406,1112.5726401407835,206.46891429195637,-137.45064361454263,219.11146697184688,0.0035478050391475335
37,10301.0,5,273.06499180954285,284.9221632109296,267.0729742939899,294.3151335783671,305.9744447431609,275.0200431048208,-11.857171401386779,17.849188916939738,-27.242159284377237,-11.659311164793792
38,10302.0,5,243.2957931180753,253.48465686875326,275.23664996072176,297.2124857821491,326.69949079141486,257.33903331585014,-10.188863750677967,-21.7519930919685,-21.975835821427324,-29.487005009265772
39,10303.0,5,182.69855347462834,243.22716154734252,268.83711595873683,273.50721695294425,308.88511470443615,231.58761032690256,-60.52860807271418,-25.609954411394313,-4.6701009942074165,-35.3778977514919
40,10304.0,5,307.2054926301221,297.02010702283087,332.7916818076707,344.52485191487415,388.3040448316708,312.3390938202079,10.18538560729121,-35.771574784839856,-11.73317010720342,-43.77919291679666
41,10305.0,5,333.537702996438,365.4147790198536,370.0268615284128,391.0360150037889,411.7874710718441,356.32644784823475,-31.87707602341561,-4.612082508559183,-21.009153475376138,-20.751456068055177
42,10306.0,5,332.91398120085626,352.1326372413254,363.99438952260243,378.46106346270165,415.2237494368715,349.68033598826133,-19.21865604046917,-11.861752281277006,-14.466673940099213,-36.76268597416987
43,10307.0,5,318.39084184457124,308.95995090811465,312.07369149877354,321.6886425959781,336.71810150143625,313.1414947504865,9.430890936456592,-3.1137405906588924,-9.614951097204539,-15.02945890545817
44,10308.0,5,320.7765996386865,349.8575328385674,359.0839391983599,381.9662833850679,398.1124202186621,343.2393572252046,-29.080933199880917,-9.226406359792463,-22.882344186708053,-16.1461368335942
45,10309.0,5,295.7238113627164,318.5646005034637,327.2182341506667,328.8354982531503,450.6778128203843,313.83554867228224,-22.84078914074729,-8.653633647203037,-1.6172641024836025,-121.84231456723398
46,10310.0,5,248.91867258045988,277.4206854276436,292.04334603148027,312.9443353488401,348.98143817045855,272.7942346798613,-28.50201284718372,-14.622660603836664,-20.90098931735986,-36.03710282161842
47,10312.0,5,306.37636546237155,328.2384461648139,328.2457791612707,348.4619753436081,374.3487456705923,320.95353026281873,-21.86208070244237,-0.0073329964567960815,-20.2161961823374,-25.886770326984163
48,10314.0,5,323.0303070017588,339.675611663617,345.597716888119,355.4852031233146,374.8280646599829,336.1012118511649,-16.645304661858233,-5.9221052245019905,-9.887486235195581,-19.342861536668295
49,10451.0,2,161.22210018908137,169.2070521200946,242.03866392773728,96.92296146418602,250.11301180011088,190.8226054123044,-7.984951931013228,-72.83161180764267,145.11570246355126,-153.19005033592487
50,10452.0,2,141.8255859682586,159.2513819385634,182.62892825802186,160.13795703308216,130.6138018672199,161.2352987216146,-17.42579597030482,-23.377546319458446,22.4909712249397,29.524155165862254
51,10453.0,2,226.67899238377734,259.60540805567007,186.16890916214248,223.0167751300441,257.46470867811036,224.15110320052995,-32.92641567189273,73.43649889352758,-36.84786596790161,-34.44793354806626
52,10454.0,2,240.19521545079945,224.15353484947147,446.66553272032024,1171.1837501642003,304.65739504235347,303.6714276735304,16.041680601327982,-222.51199787084877,-724.5182174438801,866.5263551218468
53,10455.0,2,185.67194480409654,256.0825100628814,229.434916975635,151.67374681854443,180.54023969068618,223.7297906142043,-70.41056525878486,26.647593087246406,77.76117015709056,-28.866492872141748
54,10456.0,2,188.3553748283301,195.64885109842032,425.5798668049297,146.84478816063307,247.9122953193575,269.8613642438934,-7.293476270090224,-229.93101570650936,278.7350786442966,-101.06750715872442
55,10457.0,2,191.92612427119113,195.96622043808742,228.12936930273662,149.49715351933517,201.92517531107785,205.34057133733836,-4.040096166896291,-32.1631488646492,78.63221578340145,-52.42802179174268
56,10458.0,2,297.1395201883727,199.8993777984123,277.2236360216591,186.3290837612543,214.14038819870675,258.08751133614805,97.24014238996043,-77.3242582232468,90.8945522604048,-27.811304437452435
57,10459.0,2,139.25957288234108,254.52178001533497,276.6620064386539,390.32560721522964,166.41354570697948,223.48111977877662,-115.2622071329939,-22.14022642331895,-113.66360077657572,223.91206150825016
58,10460.0,2,186.960644125425,197.0953882021178,197.1065548816187,202.1882844489709,258.99105543706224,193.72086240305384,-10.134744076692783,-0.011166679500917098,-5.081729567352198,-56.80277098809134
59,10461.0,2,239.87340569808964,251.81540752293526,291.35950499483477,283.8246628004726,320.84040865365057,261.01610607195323,-11.942001824845619,-39.544097471899505,7.53484219436217,-37.015745853177975
60,10462.0,2,226.2165671798094,214.4760433773885,257.9400767845647,271.4585529890307,288.4537710871338,232.87756244725423,11.74052380242091,-43.46403340717623,-13.51847620446597,-16.995218098103123
61,10463.0,1,167.92228927251955,192.65790509168176,274.6674353554118,347.02702702702703,211.051944553799,211.7492099065377,-24.735615819162206,-82.00953026373003,-72.35959167161525,135.97508247322804
62,10463.0,2,166.50278025329803,176.2268085063106,205.9666602542963,258.78227209753396,277.44815604864425,182.89874967130163,-9.724028253012563,-29.73985174798571,-52.81561184323766,-18.66588395111029
63,10464.0,2,318.2612761731358,318.78611724307086,331.93504564764396,307.94075134168156,374.25188243369223,322.9941463546169,-0.5248410699350643,-13.148928404573098,23.9942943059624,-66.31113109201067
64,10465.0,2,236.0452002213356,274.2794942681797,294.4327055669357,325.9899539237245,355.82630088276034,268.2524666854836,-38.2342940468441,-20.15321129875599,-31.55724835678882,-29.836346959035836
65,10466.0,2,205.78020058657722,226.08843374295702,240.65508992586368,257.0059144249174,264.1366173745923,224.17457475179933,-20.3082331563798,-14.566656182906655,-16.350824499053743,-7.1307029496748555
66,10467.0,2,206.80925142261654,199.11752349516343,245.7089557335468,167.78377351380706,328.44535463308586,217.2119102171089,7.691727927453115,-46.59143223838336,77.92518221973972,-160.6615811192788
67,10468.0,2,194.08374521557258,212.78747056110433,182.12128528929486,186.57607507441853,218.69469186405496,196.33083368865724,-18.70372534553175,30.666185271809468,-4.4547897851236655,-32.118616789636434
68,10469.0,2,224.05095945998184,244.30240970607485,253.72290944449142,283.983130647694,301.1982341766687,240.6920928701827,-20.251450246093015,-9.420499738416567,-30.260221203202576,-17.21510352897468
69,10470.0,2,210.92650999258058,216.16045228995782,385.98052278296393,258.3059828748627,249.6559807738851,271.0224950218341,-5.23394229737724,-169.8200704930061,127.67453990810122,8.650002100977616
70,10471.0,2,93.05548297300246,366.436570125173,386.4544360736264,362.9445893183881,494.8751344655605,281.9821630572673,-273.3810871521705,-20.017865948453448,23.5098467552383,-131.93054514717238
71,10472.0,2,164.02394042314737,191.93942259064625,151.4493207103948,171.43340957634672,251.8536887438514,169.13756124139613,-27.91548216749888,40.490101880251444,-19.984088865951918,-80.42027916750467
72,10473.0,2,106.74583187280359,227.88963156415647,221.34109014723802,256.4834377762805,160.04358262661225,185.32551786139936,-121.14379969135288,6.548541416918454,-35.14234762904246,96.43985514966823
73,10474.0,2,176.74582892487996,182.27177078075863,232.97982560789904,242.74984074092222,201.19225569718037,197.33247510451255,-5.525941855878671,-50.708054827140415,-9.770015133023179,41.55758504374185
74,10475.0,2,248.4792915207975,243.9881655578354,254.8539487027281,226.83175974286863,204.2069555844403,249.10713526045367,4.491125962962087,-10.865783144892703,28.022188959859477,22.624804158428333
75,11001.0,4,428.3560068231663,486.7731698970227,445.66149601393533,433.55497196923136,487.80001659888785,453.5968909113747,-58.417163073856386,41.11167388308735,12.106524044703974,-54.24504462965649
76,11004.0,4,467.5935977898082,506.5349356532046,518.0580252166708,519.2045465231088,529.6953889286566,497.39551955322787,-38.94133786339643,-11.523089563466158,-1.1465213064379896,-10.490842405547824
77,11005.0,4,0.13997890984425013,,,,,,,,,
78,11040.0,4,470.20923969339134,518.0062329267823,545.9909431228112,524.6466338603287,567.7030061470233,511.402138580995,-47.79699323339099,-27.984710196028914,21.34430926248251,-43.05637228669457
79,11101.0,4,548.2190291306352,616.5771521160566,643.6897705489735,50.70782124416993,206.04438594490102,602.8286505985551,-68.35812298542135,-27.11261843291686,592.9819493048035,-155.3365647007311
80,11102.0,4,535.097844399326,505.40100260804434,501.5918463767507,481.51843276737577,464.8729020380202,514.0302311280403,29.696841791281713,3.8091562312936276,20.07341360937494,16.645530729355585
81,11103.0,4,475.8887061431512,449.2564977646732,520.1380140690504,422.20022517280387,487.16581614317545,481.76107265895826,26.63220837847797,-70.88151630437721,97.93778889624656,-64.96559097037158
82,11104.0,4,393.37805843264755,547.4393730805888,474.91322552588844,471.62147216177743,586.0895828972158,471.91021901304157,-154.06131464794123,72.52614755470034,3.2917533641110026,-114.46811073543836
83,11105.0,4,566.2979764479255,579.5757955750017,622.6971165740762,474.1202863934925,562.2254065709946,589.5236295323344,-13.277819127076214,-43.12132099907444,148.57683018058367,-88.10512017750204
84,11106.0,4,521.4194895617873,496.6140667267809,505.9960111061455,488.5225660803311,436.849766266492,508.0098557982379,24.805422835006368,-9.381944379364597,17.473445025814385,51.672799813839106
85,11201.0,3,962.4271242915722,951.3448269494079,524.4328793244348,1052.0594818988518,1148.307677362871,812.7349435218049,11.082297342164338,426.9119476249731,-527.626602574417,-96.24819546401909
86,11203.0,3,260.8581702622197,252.51107125060156,315.84648795248944,309.819041500087,283.4686850180237,276.40524315510356,8.347099011618127,-63.33541670188788,6.027446452402444,26.35035648206332
87,11204.0,3,510.9388203125291,494.7215017737485,509.20575103614703,529.2914609903733,501.5389638233907,504.95535770747483,16.217318538780603,-14.48424926239852,-20.085709954226218,27.75249716698255
88,11205.0,3,667.1871701846966,608.8483629884431,493.23367326089937,478.0402834785531,663.1801722682806,589.7564021446798,58.33880719625347,115.61468972754375,15.193389782346287,-185.13988878972748
89,11206.0,3,311.04528945953,357.75952279049864,635.529900990099,366.5072970145259,575.096045642406,434.77823774670924,-46.714233330968625,-277.7703781996004,269.02260397557313,-208.58874862788014
90,11207.0,3,228.46058386604207,278.6762888849486,261.18415736390835,303.97178473594784,480.4872160007286,256.1070100382997,-50.215705018906505,17.49213152104022,-42.78762737203948,-176.51543126478077
91,11208.0,3,235.8507559222212,234.3307002748104,269.7094762590789,301.61961818408685,328.4788546790644,246.6303108187035,1.5200556474107998,-35.378775984268486,-31.910141925007963,-26.85923649497755
92,11209.0,3,391.8966357882704,468.00126955611506,505.1196829467304,502.6474910828169,478.5765575588772,455.00586276370524,-76.10463376784469,-37.11841339061533,2.4721918639135083,24.070933523939686
93,11210.0,3,381.53193181211526,468.5230434836508,361.301259286187,359.9413071912297,442.5312330073279,403.78541152731776,-86.99111167153552,107.22178419746376,1.3599520949572934,-82.58992581609817
94,11211.0,3,624.3793727471707,698.8174972429451,580.6297028006966,646.012891864643,735.9001193169107,634.6088575969375,-74.43812449577445,118.18779444224856,-65.38318906394647,-89.88722745226767
95,11212.0,3,205.45895371092067,191.82422939575238,595.538379402253,230.00729889669327,266.2703397515717,330.9405208363087,13.634724315168285,-403.71415000650063,365.5310805055597,-36.263040854878454
96,11213.0,3,296.40944312280806,337.94203599701115,330.6036540191904,454.16910803968807,356.2275882510224,321.6517110463365,-41.53259287420309,7.338381977820745,-123.56545402049767,97.94151978866569
97,11214.0,3,363.7757000526033,408.7096678637581,422.5260724815965,254.39492130423636,477.1322987534801,398.33714679931927,-44.93396781115479,-13.816404617838373,168.13115117736012,-222.73737744924372
98,11215.0,3,812.5085517778533,684.3145088615199,813.1383504475317,739.6461932877256,820.0268046938137,769.9871370289683,128.1940429163334,-128.82384158601178,73.49215715980608,-80.38061140608806
99,11216.0,3,399.6669102343173,460.4403584251231,445.5149179401283,528.6229149377442,554.5418773387279,435.2073955331896,-60.77344819080582,14.925440484994795,-83.10799699761588,-25.918962400983673
100,11217.0,3,698.368948541224,435.00179968922737,756.9974597372546,802.4277309062928,872.3641887062188,630.1227359892354,263.3671488519966,-321.9956600480273,-45.43027116903818,-69.93645779992596
101,11218.0,3,278.9555252277478,487.82317946936473,460.3973170839405,532.4277608343431,611.865263201126,409.05867392701765,-208.86765424161695,27.42586238542424,-72.03044375040258,-79.43750236678295
102,11219.0,3,402.7084407519868,373.45032071154765,438.3985690102807,408.5153490788148,467.2818121124193,404.85244349127174,29.258120040439167,-64.94824829873306,29.88321993146593,-58.76646303360451
103,11220.0,3,445.5182841416326,433.2427147441194,400.83439721073887,432.5368633337719,400.3940871239705,426.53179869883024,12.275569397513209,32.40831753338051,-31.702466123033048,32.14277620980141
104,11221.0,3,344.62370496515786,409.90553899957683,523.5986030974208,440.1676777892747,481.74130015137683,426.0426156873852,-65.28183403441898,-113.69306409784394,83.43092530814607,-41.57362236210213
105,11222.0,3,579.3492434531674,533.0934029220017,534.7576932447749,547.1267482626542,742.5935555797607,549.0667798733148,46.255840531165745,-1.6642903227732404,-12.369055017879305,-195.4668073171065
106,11223.0,3,556.1351494039886,543.084974053146,492.75232979260215,567.1572190843597,671.4698043200468,530.6574844165789,13.050175350842665,50.332644260543816,-74.40488929175751,-104.31258523568715
107,11224.0,3,205.67882277478475,265.43100858554345,325.94332112720906,326.74899127495945,313.716960438023,265.68438416251246,-59.752185810758704,-60.51231254166561,-0.8056701477503907,13.032030836936428
108,11225.0,3,430.8679893693758,425.23755859103073,480.98982094162966,449.4771411886165,516.8298016478906,445.69845630067874,5.630430778345044,-55.752262350598926,31.512679753013174,-67.35266045927409
109,11226.0,3,312.0225041103398,309.10972818338263,274.6482899710148,240.26534754164453,291.5130941559428,298.59350742157903,2.912775926957181,34.46143821236785,34.382942429370246,-51.24774661429825
110,11228.0,3,517.5724868748142,534.4197254863718,590.1368583434756,531.948907912097,571.4801517183328,547.3763569015538,-16.8472386115576,-55.71713285710382,58.18795043137868,-39.53124380623581
111,11229.0,3,273.8488562727792,378.6245169547402,455.1426620056106,408.30160620813615,477.26154649706035,369.20534507771004,-104.77566068196103,-76.51814505087037,46.84105579747444,-68.9599402889242
112,11230.0,3,567.0934517967455,440.1519003488267,430.73962798784726,480.3557525982993,597.5161229410038,479.3283267111398,126.94155144791881,9.412272360979443,-49.61612461045206,-117.16037034270448
113,11231.0,3,868.9294521286581,852.4186145498084,922.1141175838349,943.2617527293067,999.8038502928248,881.1540614207671,16.51083757884976,-69.6955030340265,-21.147635145471895,-56.54209756351804
114,11232.0,3,489.65094115519753,512.0315206122698,485.9994147503103,409.6523014130882,403.15464208101173,495.89395883925926,-22.38057945707226,26.032105861959508,76.34711333722208,6.497659332076466
115,11233.0,3,351.31964091178946,364.88382625697506,333.9467917774641,385.88830002357594,399.38729086476485,350.05008631540954,-13.564185345185592,30.93703447951094,-51.94150824611182,-13.498990841188913
116,11234.0,3,357.3357659985459,377.3199202784295,373.2995825034472,390.64769064767546,407.72649051787414,369.3184229268075,-19.98415427988357,4.020337774982295,-17.348108144228263,-17.07879987019868
117,11235.0,3,383.69182453805035,413.61113285214725,473.50841114162415,286.937010139213,411.24076664624636,423.6037895106072,-29.919308314096895,-59.8972782894769,186.57140100241116,-124.30375650703337
118,11236.0,3,253.7893610578835,266.70789441761497,266.07437222388376,311.83888895694037,333.561223924547,262.19054256646075,-12.91853335973147,0.6335221937312099,-45.76451673305661,-21.722334967606628
119,11237.0,3,319.20624757469926,354.5977234135145,314.98818116167934,369.54233964502134,390.0009134247619,329.5973840499643,-35.39147583881521,39.60954225183514,-54.55415848334201,-20.45857377974056
120,11238.0,3,471.94071155666643,344.44866681944154,549.3628115349485,884.6450597400527,265.0570173528828,455.2507299703522,127.49204473722489,-204.91414471550695,-335.2822482051042,619.5880423871699
121,11239.0,3,287.45558619218815,868.3528471859279,299.99456217064693,300.37331903980026,323.06479538300107,485.267665182921,-580.8972609937398,568.3582850152809,-0.3787568691533352,-22.691476343200804
122,11249.0,3,561.5722415129535,773.1414506032188,791.755872345994,460.46420702585084,756.445824501576,708.8231881540554,-211.5692090902653,-18.61442174277522,331.2916653201432,-295.98161747572516
123,11354.0,4,277.1161824186426,545.4680925048858,227.53721511078382,522.7998518766943,561.6048438789278,350.0404966781041,-268.3519100862432,317.930877394102,-295.26263676591054,-38.80499200223346
124,11355.0,4,424.4626690902832,450.1151533386283,444.5765221643126,574.3666932174976,480.2407144541794,439.71811486440805,-25.652484248345104,5.538631174315697,-129.79017105318502,94.12597876331824
125,11356.0,4,411.5425852493704,453.7237960423661,411.4272876804297,446.3166111742732,454.59135815933047,425.56455632405533,-42.18121079299567,42.29650836193639,-34.889323493843506,-8.274746985057277
126,11357.0,4,526.0753990646491,564.3242482215555,562.8320372132013,545.8477397538567,589.2836889403616,551.0772281664686,-38.24884915690643,1.4922110083542748,16.98429745934459,-43.4359491865049
127,11358.0,4,521.7978097975553,546.4362047774391,511.75518331422194,524.9015544186464,552.1642377712027,526.6630659630722,-24.638394979883856,34.68102146321718,-13.146371104424418,-27.262683352556337
128,11360.0,4,55.29780056119477,515.4517718350678,501.5774311242493,444.0807924858349,528.4877673476623,357.4423345068373,-460.153971273873,13.874340710818501,57.496638638414424,-84.4069748618274
129,11361.0,4,417.8660574021081,528.5747984900072,548.7704615483892,548.4619357005657,548.0611904024622,498.40377248016813,-110.70874108789911,-20.195663058382024,0.30852584782348913,0.4007452981035158
130,11362.0,4,384.59523238711097,557.7765898043273,502.2878690752094,514.5808104758312,544.813253129763,481.5532304222159,-173.1813574172163,55.48872072911786,-12.292941400621771,-30.2324426539318
131,11363.0,4,351.0474095408724,550.8647005873283,497.6782816874523,477.804258067681,511.41640472448444,466.53013060521766,-199.81729104645592,53.18641889987606,19.874023619771265,-33.61214665680342
132,11364.0,4,526.1010887932091,564.7581275526614,533.48729387476,555.1882520044106,615.7816855566955,541.4488367402101,-38.65703875945235,31.270833677901464,-21.700958129650644,-60.593433552284864
133,11365.0,4,506.68981544231985,554.3570753336406,555.7683314362341,537.6364767156224,578.1725632091486,538.9384074040648,-47.66725989132078,-1.4112561025934838,18.131854720611727,-40.53608649352623
134,11366.0,4,513.4532896756369,537.6617004236692,523.6675119671758,544.9046573925498,563.1515935294376,524.9275006888273,-24.208410748032293,13.994188456493475,-21.237145425374024,-18.246936136887825
135,11367.0,4,457.4868903155093,525.8746470787532,504.2648995647236,494.53476060530886,528.786197389821,495.87547898632874,-68.38775676324394,21.609747514029664,9.730138959414717,-34.25143678451218
136,11368.0,4,378.34845569999413,346.26580640564094,360.2470642091501,361.453034863505,414.64287403013304,361.6204421049284,32.08264929435319,-13.981257803509152,-1.2059706543549282,-53.18983916662802
137,11369.0,4,336.391931879411,427.28464540486635,423.2655822760191,442.86488585121225,358.96774299178907,395.6473865200988,-90.89271352545535,4.019063128847279,-19.599303575193176,83.89714285942318
138,11370.0,4,411.4063163136324,434.3323297441281,430.93855352073757,458.7989329748925,483.8130699088146,425.55906652616596,-22.926013430495743,3.393776223390546,-27.860379454154952,-25.01413693392209
139,11372.0,4,121.46417262484195,429.24215861456685,446.8486433984221,385.12283229108687,376.642736781231,332.5183248792769,-307.7779859897249,-17.60648478385525,61.72581110733523,8.480095509855857
140,11373.0,4,299.17727439855906,360.53683411872186,254.05438388507557,255.3297528947296,430.93547214472903,304.5894974674522,-61.35955972016279,106.48245023364629,-1.2753690096540424,-175.60571924999942
141,11374.0,4,413.5693455763594,526.500016740212,393.49584036238844,370.5241397156989,543.4897950595464,444.52173422631995,-112.9306711638526,133.00417637782357,22.971700646689555,-172.96565534384752
142,11375.0,4,208.8806940217795,278.3465507668931,620.7551678537457,402.9291122139402,627.7532421839439,369.32747088080606,-69.46585674511357,-342.4086170868526,217.82605563980547,-224.82412997000375
143,11377.0,4,435.3416568720756,425.3341325839158,497.5906578554028,385.2078531186547,388.4482519377299,452.7554824371314,10.0075242881598,-72.25652527148702,112.38280473674808,-3.2403988190751534
144,11378.0,4,419.7409554487516,468.0414907100595,447.4802387081288,440.60502788478124,485.483231961246,445.08756162231333,-48.300535261307914,20.56125200193071,6.875210823347572,-44.87820407646478
145,11379.0,4,446.07900203180515,460.938634630334,465.244573898806,471.85579624234515,475.07252449079704,457.42073685364835,-14.859632598528833,-4.305939268472002,-6.611222343539168,-3.2167282484518864
146,11385.0,4,345.7620080875826,358.85553985754325,409.6421755545513,368.14027878188296,363.35498311815866,371.41990783322564,-13.093531769960634,-50.78663569700802,41.50189677266832,4.785295663724298
147,11411.0,4,293.54965354502036,323.96587599830855,344.3103491057973,371.27467543275634,383.8914499720887,320.6086262163754,-30.416222453288185,-20.34447310748874,-26.964326326959053,-12.616774539332368
148,11412.0,4,259.36334184986396,305.68711782188365,314.9230490354782,325.74767235046573,358.1839703082975,293.3245029024086,-46.32377597201969,-9.23593121359454,-10.824623314987548,-32.436297957831755
149,11413.0,4,294.5189834510305,308.9094370733361,319.7205093168989,363.7268014859179,376.1435926730736,307.7163099470885,-14.390453622305586,-10.811072243562819,-44.00629216901899,-12.416791187155695
150,11414.0,4,310.51294365812544,326.7862014393911,329.0975606644057,371.82382961985144,389.0484406002666,322.1322352539741,-16.27325778126567,-2.3113592250145985,-42.72626895544573,-17.22461098041515
151,11415.0,4,343.9857033030765,217.0547947771679,317.91733086781863,390.83594987992745,395.54107516146144,292.9859429826877,126.93090852590859,-100.86253609065074,-72.91861901210882,-4.705125281533981
152,11416.0,4,302.22277821108895,327.9748941098342,357.61219088611,377.25078806497095,369.37234327641016,329.2699544023444,-25.752115898745274,-29.637296776275775,-19.638597178860948,7.878444788560785
153,11417.0,4,409.728956125388,357.8604844657073,386.9969143050795,418.26250493630505,416.8589723503641,384.8621182987249,51.868471659680665,-29.13642983937217,-31.265590631225564,1.4035325859409227
154,11418.0,4,335.55575079872204,333.6252783452578,337.30717944740275,343.74782222970026,366.7596446346342,335.4960695304609,1.9304724534642332,-3.681901102144934,-6.440642782297516,-23.011822404933923
155,11419.0,4,302.4592506391865,339.2092423255132,365.7235164659876,365.86686338458355,387.30750880878907,335.79733647689574,-36.749991686326666,-26.514274140474413,-0.1433469185959666,-21.440645424205513
156,11420.0,4,339.42790829060255,365.3944111816019,388.2187600945585,391.80492392610824,462.9707486181628,364.34702652225434,-25.96650289099938,-22.824348912956566,-3.5861638315497544,-71.16582469205457
157,11421.0,4,322.6642242115561,335.18316540293523,354.23391465332344,354.63951757701756,410.47767398243496,337.36043475593823,-12.518941191379156,-19.050749250388208,-0.40560292369411854,-55.83815640541741
158,11422.0,4,297.59789975896155,324.4057649375886,335.0476917313952,346.23753539354146,370.4537403271312,319.01711880931515,-26.807865178627026,-10.641926793806647,-11.189843662146245,-24.216204933589722
159,11423.0,4,320.6138531512735,353.3686154197328,336.2473226317407,325.8592795123132,419.1610385184712,336.743263734249,-32.75476226845933,17.121292787992104,10.388043119427493,-93.30175900615797
160,11426.0,4,401.4641323339018,438.18845883684617,451.622623592566,483.1023111878211,496.3393845737181,430.4250715877713,-36.72432650294439,-13.434164755719848,-31.479687595255086,-13.23707338589702
161,11427.0,4,111.60406855021162,409.1223725116639,392.5214674538066,427.6792336790726,494.3363158787984,304.4159695052274,-297.51830396145226,16.60090505785729,-35.15776622526596,-66.65708219972583
162,11428.0,4,319.1755297199347,347.50589692649294,367.8656217833861,410.5110846046801,433.9483604453506,344.84901614327123,-28.330367206558265,-20.359724856893138,-42.64546282129402,-23.43727584067051
163,11429.0,4,296.4908825964361,309.5387894241201,316.6523892509101,346.54981121624417,359.1704049709499,307.5606870904888,-13.047906827684017,-7.113599826789994,-29.897421965334047,-12.620593754705737
164,11432.0,4,385.69305224424704,395.07319401761936,343.98918306852966,398.8838792003403,467.5658281390193,374.91847644346535,-9.380141773372316,51.0840109490897,-54.89469613181063,-68.681948938679
165,11433.0,4,292.7828500394818,319.69297516755796,315.11271615118335,323.0538914115522,376.56474453634667,309.19618045274103,-26.910125128076174,4.580259016374612,-7.941175260368823,-53.510853124794494
166,11434.0,4,288.0475312007165,322.649445201134,334.2071524056997,355.34045142785885,396.41343468563974,314.96804293585,-34.60191400041748,-11.557707204565702,-21.13329902215918,-41.07298325778089
167,11435.0,4,322.4927070527223,335.7679532776585,341.1461273376876,122.99374657098639,417.06613934465065,333.1355958893561,-13.275246224936154,-5.378174060029096,218.15238076670119,-294.07239277366426
168,11436.0,4,303.48283191970216,345.70888999374506,350.6875509357021,393.2951392532991,443.3572555040096,333.2930909497165,-42.226058074042896,-4.9786609419570595,-42.60758831759699,-50.06211625071046
169,10069.0,1,,659.216354775952,,,,,,,,
170,11430.0,4,,145.63492063492063,357.93650793650795,,421.0812279271937,,,-212.30158730158732,,
