,ZIP CODE,BOROUGH,SALE COUNT 17,SALE COUNT 18,SALE COUNT 19,SALE COUNT 20,SALE COUNT 21
0,10001.0,1,3.0,2.0,3.0,,4.0
1,10002.0,1,15.0,14.0,13.0,5.0,9.0
2,10003.0,1,16.0,23.0,28.0,14.0,49.0
3,10007.0,1,1.0,,,,
4,10009.0,1,10.0,35.0,29.0,35.0,22.0
5,10010.0,1,4.0,2.0,1.0,1.0,2.0
6,10011.0,1,25.0,19.0,22.0,19.0,40.0
7,10012.0,1,9.0,5.0,12.0,9.0,18.0
8,10013.0,1,9.0,13.0,14.0,2.0,10.0
9,10014.0,1,37.0,37.0,61.0,32.0,83.0
10,10016.0,1,17.0,10.0,11.0,5.0,17.0
11,10017.0,1,4.0,1.0,,,2.0
12,10018.0,1,1.0,2.0,3.0,1.0,1.0
13,10019.0,1,10.0,5.0,1.0,24.0,13.0
14,10021.0,1,20.0,13.0,17.0,15.0,23.0
15,10022.0,1,8.0,13.0,8.0,6.0,12.0
16,10023.0,1,18.0,11.0,6.0,14.0,36.0
17,10024.0,1,33.0,35.0,37.0,29.0,55.0
18,10025.0,1,27.0,35.0,19.0,42.0,28.0
19,10026.0,1,22.0,59.0,10.0,25.0,31.0
20,10027.0,1,38.0,58.0,51.0,30.0,44.0
21,10028.0,1,32.0,21.0,22.0,17.0,24.0
22,10029.0,1,23.0,20.0,23.0,18.0,13.0
23,10030.0,1,34.0,34.0,53.0,25.0,41.0
24,10031.0,1,52.0,44.0,48.0,26.0,26.0
25,10032.0,1,17.0,36.0,20.0,7.0,29.0
26,10033.0,1,22.0,10.0,16.0,15.0,14.0
27,10034.0,1,9.0,4.0,4.0,1.0,5.0
28,10035.0,1,31.0,13.0,17.0,11.0,18.0
29,10036.0,1,6.0,6.0,5.0,8.0,11.0
30,10037.0,1,2.0,4.0,9.0,4.0,10.0
31,10038.0,1,2.0,1.0,5.0,2.0,2.0
32,10039.0,1,4.0,3.0,16.0,15.0,3.0
33,10040.0,1,8.0,4.0,7.0,1.0,5.0
34,10065.0,1,17.0,14.0,26.0,14.0,22.0
35,10075.0,1,9.0,12.0,11.0,4.0,14.0
36,10128.0,1,18.0,20.0,17.0,19.0,30.0
37,10301.0,5,314.0,297.0,252.0,239.0,310.0
38,10302.0,5,219.0,235.0,215.0,155.0,198.0
39,10303.0,5,257.0,291.0,270.0,176.0,245.0
40,10304.0,5,416.0,392.0,362.0,247.0,381.0
41,10305.0,5,459.0,460.0,372.0,312.0,501.0
42,10306.0,5,755.0,696.0,630.0,589.0,774.0
43,10307.0,5,167.0,214.0,148.0,177.0,230.0
44,10308.0,5,364.0,335.0,265.0,345.0,429.0
45,10309.0,5,422.0,436.0,350.0,386.0,551.0
46,10310.0,5,275.0,250.0,266.0,197.0,253.0
47,10312.0,5,854.0,870.0,740.0,748.0,988.0
48,10314.0,5,870.0,792.0,708.0,672.0,990.0
49,10451.0,2,25.0,22.0,20.0,11.0,16.0
50,10452.0,2,51.0,54.0,39.0,22.0,36.0
51,10453.0,2,66.0,109.0,60.0,47.0,67.0
52,10454.0,2,49.0,39.0,34.0,34.0,51.0
53,10455.0,2,33.0,47.0,53.0,28.0,37.0
54,10456.0,2,103.0,122.0,85.0,50.0,97.0
55,10457.0,2,118.0,146.0,103.0,76.0,80.0
56,10458.0,2,112.0,131.0,103.0,58.0,94.0
57,10459.0,2,102.0,84.0,73.0,73.0,51.0
58,10460.0,2,110.0,133.0,107.0,71.0,98.0
59,10461.0,2,267.0,278.0,240.0,219.0,320.0
60,10462.0,2,181.0,179.0,161.0,114.0,208.0
61,10463.0,1,8.0,3.0,11.0,1.0,7.0
62,10463.0,2,65.0,67.0,52.0,56.0,67.0
63,10464.0,2,44.0,43.0,47.0,46.0,53.0
64,10465.0,2,361.0,356.0,329.0,290.0,408.0
65,10466.0,2,410.0,413.0,423.0,300.0,340.0
66,10467.0,2,227.0,217.0,186.0,132.0,155.0
67,10468.0,2,58.0,55.0,46.0,34.0,56.0
68,10469.0,2,485.0,475.0,473.0,380.0,394.0
69,10470.0,2,77.0,74.0,65.0,71.0,72.0
70,10471.0,2,64.0,85.0,73.0,59.0,91.0
71,10472.0,2,177.0,208.0,173.0,103.0,162.0
72,10473.0,2,235.0,199.0,217.0,131.0,171.0
73,10474.0,2,27.0,22.0,27.0,8.0,8.0
74,10475.0,2,16.0,27.0,19.0,16.0,14.0
75,11001.0,4,42.0,48.0,50.0,37.0,42.0
76,11004.0,4,89.0,69.0,71.0,60.0,96.0
77,11005.0,4,1.0,,,,
78,11040.0,4,20.0,20.0,21.0,14.0,25.0
79,11101.0,4,38.0,24.0,31.0,42.0,38.0
80,11102.0,4,48.0,56.0,44.0,31.0,68.0
81,11103.0,4,70.0,73.0,78.0,45.0,81.0
82,11104.0,4,44.0,34.0,39.0,26.0,38.0
83,11105.0,4,90.0,106.0,94.0,86.0,142.0
84,11106.0,4,57.0,47.0,46.0,29.0,47.0
85,11201.0,3,64.0,60.0,66.0,50.0,98.0
86,11203.0,3,354.0,348.0,363.0,235.0,285.0
87,11204.0,3,246.0,224.0,207.0,179.0,320.0
88,11205.0,3,68.0,51.0,67.0,49.0,91.0
89,11206.0,3,86.0,72.0,83.0,56.0,80.0
90,11207.0,3,451.0,390.0,388.0,251.0,304.0
91,11208.0,3,458.0,449.0,456.0,286.0,314.0
92,11209.0,3,185.0,206.0,171.0,164.0,238.0
93,11210.0,3,258.0,253.0,196.0,169.0,278.0
94,11211.0,3,96.0,91.0,76.0,64.0,121.0
95,11212.0,3,186.0,177.0,180.0,132.0,143.0
96,11213.0,3,161.0,128.0,144.0,99.0,135.0
97,11214.0,3,197.0,191.0,203.0,147.0,306.0
98,11215.0,3,230.0,200.0,188.0,150.0,295.0
99,11216.0,3,217.0,182.0,172.0,135.0,173.0
100,11217.0,3,82.0,66.0,61.0,73.0,121.0
101,11218.0,3,166.0,158.0,151.0,123.0,224.0
102,11219.0,3,173.0,159.0,142.0,135.0,205.0
103,11220.0,3,183.0,174.0,130.0,124.0,206.0
104,11221.0,3,374.0,353.0,301.0,191.0,319.0
105,11222.0,3,96.0,80.0,76.0,51.0,123.0
106,11223.0,3,257.0,245.0,237.0,184.0,299.0
107,11224.0,3,84.0,87.0,55.0,55.0,54.0
108,11225.0,3,99.0,112.0,93.0,62.0,102.0
109,11226.0,3,165.0,186.0,136.0,123.0,114.0
110,11228.0,3,209.0,201.0,204.0,194.0,288.0
111,11229.0,3,343.0,339.0,330.0,269.0,432.0
112,11230.0,3,195.0,175.0,197.0,149.0,279.0
113,11231.0,3,89.0,115.0,107.0,69.0,124.0
114,11232.0,3,77.0,50.0,41.0,36.0,63.0
115,11233.0,3,298.0,323.0,293.0,185.0,282.0
116,11234.0,3,632.0,604.0,575.0,476.0,774.0
117,11235.0,3,239.0,213.0,190.0,147.0,248.0
118,11236.0,3,451.0,469.0,486.0,303.0,350.0
119,11237.0,3,86.0,68.0,58.0,62.0,81.0
120,11238.0,3,117.0,95.0,102.0,102.0,187.0
121,11239.0,3,80.0,4.0,28.0,36.0,24.0
122,11249.0,3,22.0,13.0,19.0,11.0,28.0
123,11354.0,4,115.0,113.0,95.0,75.0,139.0
124,11355.0,4,189.0,186.0,141.0,108.0,187.0
125,11356.0,4,185.0,176.0,153.0,105.0,178.0
126,11357.0,4,333.0,338.0,269.0,243.0,411.0
127,11358.0,4,272.0,249.0,222.0,194.0,332.0
128,11360.0,4,95.0,69.0,71.0,57.0,115.0
129,11361.0,4,221.0,198.0,174.0,168.0,233.0
130,11362.0,4,120.0,94.0,94.0,100.0,159.0
131,11363.0,4,57.0,58.0,64.0,56.0,74.0
132,11364.0,4,211.0,204.0,177.0,156.0,238.0
133,11365.0,4,244.0,186.0,200.0,169.0,222.0
134,11366.0,4,130.0,104.0,110.0,96.0,152.0
135,11367.0,4,140.0,126.0,122.0,124.0,178.0
136,11368.0,4,243.0,247.0,202.0,116.0,185.0
137,11369.0,4,212.0,214.0,197.0,146.0,165.0
138,11370.0,4,132.0,120.0,120.0,64.0,140.0
139,11372.0,4,62.0,47.0,48.0,31.0,36.0
140,11373.0,4,153.0,161.0,125.0,96.0,142.0
141,11374.0,4,92.0,84.0,73.0,59.0,97.0
142,11375.0,4,187.0,172.0,160.0,158.0,210.0
143,11377.0,4,174.0,168.0,171.0,117.0,194.0
144,11378.0,4,215.0,205.0,197.0,156.0,258.0
145,11379.0,4,261.0,240.0,238.0,195.0,354.0
146,11385.0,4,351.0,380.0,337.0,269.0,458.0
147,11411.0,4,201.0,191.0,212.0,167.0,181.0
148,11412.0,4,427.0,441.0,468.0,339.0,374.0
149,11413.0,4,416.0,418.0,441.0,346.0,349.0
150,11414.0,4,230.0,162.0,196.0,159.0,228.0
151,11415.0,4,43.0,27.0,36.0,22.0,50.0
152,11416.0,4,154.0,141.0,144.0,101.0,117.0
153,11417.0,4,220.0,234.0,210.0,152.0,208.0
154,11418.0,4,147.0,173.0,153.0,130.0,161.0
155,11419.0,4,245.0,252.0,249.0,164.0,213.0
156,11420.0,4,406.0,357.0,385.0,255.0,330.0
157,11421.0,4,289.0,246.0,238.0,183.0,255.0
158,11422.0,4,226.0,239.0,285.0,179.0,257.0
159,11423.0,4,179.0,182.0,190.0,104.0,203.0
160,11426.0,4,164.0,163.0,112.0,108.0,178.0
161,11427.0,4,124.0,118.0,145.0,116.0,153.0
162,11428.0,4,159.0,142.0,140.0,110.0,143.0
163,11429.0,4,222.0,242.0,246.0,196.0,216.0
164,11432.0,4,214.0,218.0,146.0,131.0,196.0
165,11433.0,4,341.0,340.0,325.0,211.0,239.0
166,11434.0,4,560.0,606.0,540.0,400.0,464.0
167,11435.0,4,208.0,251.0,213.0,143.0,197.0
168,11436.0,4,259.0,285.0,250.0,197.0,195.0
169,10069.0,1,,1.0,,,
170,11430.0,4,,1.0,1.0,,1.0
